﻿날짜,스크린수,스크린점유율,상영횟수,상영점유율,좌석수,좌석점유율,좌석판매율,관객수,누적관객수,순위,관람객평점,평론가평점
2018-02-14,"1,449",26.0%,"7,196",38.2%,"1,356,487",45.4%,46.5%,"630,461","633,484",1,8.33,6.67
2018-02-15,"1,587",26.8%,"7,779",40.3%,"1,452,316",47.5%,38.8%,"563,855","1,197,339",1,8.33,6.67
2018-02-16,"1,620",27.3%,"7,904",41.3%,"1,480,654",48.8%,38.0%,"562,493","1,759,832",1,8.33,6.67
2018-02-17,"1,544",24.7%,"7,565",38.5%,"1,431,978",46.0%,51.6%,"739,447","2,499,279",1,8.33,6.67
2018-02-18,"1,495",24.3%,"7,171",38.0%,"1,357,794",45.4%,44.1%,"598,424","3,097,703",1,8.33,6.67
2018-02-19,"1,314",23.5%,"6,417",36.6%,"1,235,563",44.2%,19.5%,"240,651","3,338,354",1,8.33,6.67
2018-02-20,"1,313",22.8%,"6,370",36.7%,"1,226,907",44.3%,14.0%,"171,156","3,509,510",1,8.33,6.67
2018-02-21,"1,283",23.0%,"6,187",35.8%,"1,204,165",43.6%,12.5%,"150,599","3,660,109",1,8.33,6.67
2018-02-22,"1,165",20.1%,"5,483",31.8%,"1,088,121",39.6%,11.7%,"127,342","3,787,451",1,8.33,6.67
2018-02-23,"1,203",20.3%,"5,691",32.3%,"1,122,298",40.1%,13.2%,"148,541","3,935,992",1,8.33,6.67
2018-02-24,"1,242",19.7%,"6,046",32.7%,"1,184,387",40.4%,26.0%,"307,400","4,243,392",1,8.33,6.67
2018-02-25,"1,230",19.8%,"5,847",32.7%,"1,153,677",40.5%,21.9%,"253,217","4,496,609",1,8.33,6.67
2018-02-26,"1,153",20.3%,"5,362",31.8%,"1,067,585",39.6%,8.6%,"91,512","4,588,121",1,8.33,6.67
2018-02-27,"1,153",19.6%,"5,308",31.4%,"1,056,381",39.1%,8.2%,"87,081","4,675,202",1,8.33,6.67
2018-02-28,701,11.5%,"2,741",14.6%,"468,693",15.6%,24.4%,"114,218","4,789,420",3,8.33,6.67
2018-03-01,711,11.3%,"2,662",13.9%,"453,653",14.8%,33.1%,"150,161","4,939,581",3,8.33,6.67
2018-03-02,708,11.9%,"2,634",14.2%,"450,551",15.0%,12.1%,"54,702","4,994,283",3,8.33,6.67
2018-03-03,787,12.6%,"2,939",15.4%,"490,423",16.0%,22.8%,"111,713","5,105,996",3,8.33,6.67
2018-03-04,760,12.4%,"2,802",15.1%,"470,702",15.8%,19.1%,"89,979","5,195,975",3,8.33,6.67
2018-03-05,666,12.9%,"2,474",14.8%,"424,950",15.6%,6.0%,"25,595","5,221,570",3,8.33,6.67
2018-03-06,653,12.3%,"2,399",14.5%,"412,250",15.3%,5.2%,"21,350","5,242,920",3,8.33,6.67
2018-03-07,508,10.2%,"1,769",10.3%,"302,509",10.8%,5.3%,"16,010","5,258,930",4,8.33,6.67
2018-03-08,402,7.7%,"1,060",6.1%,"155,702",5.5%,6.7%,"10,437","5,269,367",5,8.33,6.67
2018-03-09,428,7.9%,"1,076",6.1%,"157,133",5.4%,8.6%,"13,524","5,282,891",5,8.33,6.67
2018-03-10,448,7.4%,"1,036",5.4%,"143,475",4.7%,21.3%,"30,631","5,313,522",5,8.33,6.67
2018-03-11,447,7.5%,"1,007",5.4%,"139,646",4.7%,19.1%,"26,725","5,340,247",5,8.33,6.67
2018-03-12,412,8.0%,938,5.6%,"137,387",5.1%,5.5%,"7,536","5,347,783",5,8.33,6.67
2018-03-13,417,7.7%,937,5.7%,"136,014",5.0%,5.3%,"7,218","5,355,001",5,8.33,6.67
2018-03-14,147,2.8%,234,1.4%,"31,054",1.1%,7.4%,"2,311","5,357,312",12,8.33,6.67
2018-03-15,138,2.5%,204,1.2%,"27,500",1.0%,7.9%,"2,184","5,359,496",11,8.33,6.67
2018-03-16,142,2.6%,217,1.2%,"28,938",1.0%,10.1%,"2,910","5,362,406",11,8.33,6.67
2018-03-17,137,2.2%,219,1.2%,"29,413",1.0%,25.1%,"7,371","5,369,777",9,8.33,6.67
2018-03-18,142,2.3%,217,1.2%,"28,328",1.0%,23.6%,"6,683","5,376,460",9,8.33,6.67
2018-03-19,134,2.5%,209,1.3%,"29,007",1.1%,7.7%,"2,223","5,378,683",10,8.33,6.67
2018-03-20,139,2.6%,209,1.3%,"28,426",1.1%,8.1%,"2,314","5,380,997",11,8.33,6.67
2018-03-21,68,1.3%,95,0.6%,"12,223",0.5%,7.0%,860,"5,381,857",18,8.33,6.67
2018-03-22,46,0.9%,61,0.4%,"8,024",0.3%,7.6%,611,"5,382,468",21,8.33,6.67
2018-03-23,45,0.8%,65,0.4%,"8,645",0.3%,10.7%,929,"5,383,397",18,8.33,6.67
2018-03-24,47,0.8%,72,0.4%,"8,772",0.3%,23.0%,"2,015","5,385,412",14,8.33,6.67
2018-03-25,43,0.7%,63,0.3%,"7,850",0.3%,19.7%,"1,547","5,386,959",17,8.33,6.67
2018-03-26,51,1.0%,70,0.4%,"9,138",0.3%,6.8%,617,"5,387,576",18,8.33,6.67
2018-03-27,49,0.9%,68,0.4%,"9,043",0.3%,7.3%,658,"5,388,234",20,8.33,6.67
2018-03-28,9,0.2%,9,0.1%,963,0.0%,12.0%,116,"5,388,350",40,8.33,6.67
2018-03-29,9,0.2%,9,0.1%,875,0.0%,11.7%,102,"5,388,452",41,8.33,6.67
2018-03-30,8,0.2%,8,0.0%,797,0.0%,14.4%,115,"5,388,567",34,8.33,6.67
2018-03-31,9,0.2%,10,0.1%,994,0.0%,22.3%,222,"5,388,789",26,8.33,6.67
2018-04-01,7,0.1%,7,0.0%,831,0.0%,23.5%,195,"5,388,984",26,8.33,6.67
2018-04-02,9,0.2%,9,0.1%,"1,043",0.0%,8.4%,88,"5,389,072",35,8.33,6.67
2018-04-03,9,0.2%,9,0.1%,"1,043",0.0%,7.5%,78,"5,389,150",43,8.33,6.67
2018-04-04,8,0.2%,8,0.0%,913,0.0%,9.2%,84,"5,389,234",44,8.33,6.67
2018-04-05,3,0.1%,4,0.0%,584,0.0%,8.9%,52,"5,389,286",51,8.33,6.67
2018-04-06,4,0.1%,4,0.0%,554,0.0%,10.5%,58,"5,389,344",45,8.33,6.67
2018-04-07,4,0.1%,4,0.0%,481,0.0%,26.0%,125,"5,389,469",42,8.33,6.67
2018-04-08,4,0.1%,4,0.0%,481,0.0%,31.4%,151,"5,389,620",37,8.33,6.67
2018-04-09,3,0.1%,3,0.0%,361,0.0%,9.7%,35,"5,389,655",54,8.33,6.67
2018-04-10,3,0.1%,3,0.0%,361,0.0%,18.3%,66,"5,389,721",50,8.33,6.67
2018-04-11,4,0.1%,5,0.0%,710,0.0%,10.8%,77,"5,389,798",46,8.33,6.67
2018-04-12,3,0.1%,3,0.0%,333,0.0%,13.5%,45,"5,389,843",54,8.33,6.67
2018-04-13,3,0.0%,3,0.0%,336,0.0%,21.7%,73,"5,389,916",53,8.33,6.67
2018-04-14,5,0.1%,8,0.0%,"2,161",0.1%,81.6%,"1,763","5,391,679",17,8.33,6.67
2018-04-15,5,0.1%,7,0.0%,"1,729",0.1%,81.7%,"1,412","5,393,091",17,8.33,6.67
2018-04-16,4,0.1%,5,0.0%,553,0.0%,33.3%,184,"5,393,275",28,8.33,6.67
2018-04-17,4,0.1%,4,0.0%,430,0.0%,21.4%,92,"5,393,367",46,8.33,6.67
2018-04-18,4,0.1%,6,0.0%,676,0.0%,23.7%,160,"5,393,527",37,8.33,6.67
2018-04-19,6,0.1%,8,0.0%,"1,227",0.0%,12.4%,152,"5,393,679",46,8.33,6.67
2018-04-20,7,0.1%,8,0.0%,"1,193",0.0%,15.9%,190,"5,393,869",40,8.33,6.67
2018-04-21,6,0.1%,8,0.0%,"1,149",0.0%,33.3%,383,"5,394,252",36,8.33,6.67
2018-04-22,5,0.1%,8,0.0%,"1,196",0.0%,22.7%,272,"5,394,524",38,8.33,6.67
2018-04-23,3,0.0%,9,0.1%,"1,104",0.0%,18.7%,206,"5,394,730",35,8.33,6.67
2018-04-24,5,0.1%,10,0.1%,"1,315",0.0%,23.3%,306,"5,395,036",36,8.33,6.67
2018-04-25,3,0.1%,3,0.0%,377,0.0%,15.6%,59,"5,395,095",49,8.33,6.67
2018-04-26,3,0.1%,3,0.0%,377,0.0%,24.4%,92,"5,395,187",50,8.33,6.67
2018-04-27,3,0.1%,4,0.0%,500,0.0%,48.0%,240,"5,395,427",23,8.33,6.67
2018-04-28,2,0.0%,2,0.0%,257,0.0%,55.6%,143,"5,395,570",40,8.33,6.67
2018-04-29,2,0.0%,2,0.0%,257,0.0%,61.5%,158,"5,395,728",37,8.33,6.67
2018-04-30,4,0.1%,6,0.0%,705,0.0%,55.3%,390,"5,396,118",21,8.33,6.67
2018-05-01,5,0.1%,8,0.0%,970,0.0%,49.0%,475,"5,396,593",21,8.33,6.67
2018-05-02,4,0.1%,7,0.0%,959,0.0%,22.1%,212,"5,396,805",26,8.33,6.67
2018-05-03,6,0.1%,10,0.1%,"1,248",0.0%,18.6%,232,"5,397,037",29,8.33,6.67
2018-05-04,6,0.1%,8,0.0%,"1,038",0.0%,16.3%,169,"5,397,206",32,8.33,6.67
2018-05-05,7,0.1%,11,0.1%,"1,363",0.0%,22.2%,303,"5,397,509",23,8.33,6.67
2018-05-06,7,0.1%,10,0.1%,"1,251",0.0%,18.8%,235,"5,397,744",26,8.33,6.67
2018-05-07,7,0.1%,13,0.1%,"1,737",0.1%,17.9%,311,"5,398,055",22,8.33,6.67
2018-05-08,6,0.1%,10,0.1%,"1,497",0.1%,5.7%,85,"5,398,140",34,8.33,6.67
2018-05-09,6,0.1%,10,0.1%,"1,467",0.1%,9.0%,132,"5,398,272",29,8.33,6.67
2018-05-10,6,0.1%,8,0.1%,"1,155",0.0%,9.9%,114,"5,398,386",32,8.33,6.67
2018-05-11,6,0.1%,7,0.0%,"1,021",0.0%,10.9%,111,"5,398,497",36,8.33,6.67
2018-05-12,6,0.1%,8,0.0%,"1,053",0.0%,17.2%,181,"5,398,678",31,8.33,6.67
2018-05-13,5,0.1%,7,0.0%,860,0.0%,12.6%,108,"5,398,786",35,8.33,6.67
2018-05-14,4,0.1%,7,0.0%,948,0.0%,7.0%,66,"5,398,852",39,8.33,6.67
2018-05-15,4,0.1%,8,0.1%,"1,024",0.0%,6.4%,66,"5,398,918",44,8.33,6.67
2018-05-16,1,0.0%,1,0.0%,134,0.0%,5.2%,7,"5,398,925",79,8.33,6.67
2018-05-17,2,0.0%,2,0.0%,210,0.0%,9.5%,20,"5,398,945",67,8.33,6.67
2018-05-18,2,0.0%,2,0.0%,210,0.0%,5.2%,11,"5,398,956",84,8.33,6.67
2018-05-20,1,0.0%,1,0.0%,134,0.0%,3.0%,4,"5,398,960",94,8.33,6.67
2018-05-21,1,0.0%,1,0.0%,134,0.0%,25.4%,34,"5,398,994",56,8.33,6.67
