﻿날짜,스크린수,스크린점유율,상영횟수,상영점유율,좌석수,좌석점유율,좌석판매율,관객수,누적관객수,순위,관람객평점,평론가평점
2015-04-23,"1,731",43.5%,"8,844",65.4%,"1,625,956",73.1%,38.3%,"622,165","625,666",1,8.59,6.92
2015-04-24,"1,767",44.6%,"9,206",66.0%,"1,684,239",73.7%,38.6%,"649,804","1,275,470",1,8.59,6.92
2015-04-25,"1,843",44.5%,"10,018",68.2%,"1,813,385",75.8%,63.7%,"1,155,761","2,431,231",1,8.59,6.92
2015-04-26,"1,826",45.1%,"9,761",68.3%,"1,766,268",75.8%,57.4%,"1,013,207","3,444,438",1,8.59,6.92
2015-04-27,"1,695",44.8%,"8,765",66.2%,"1,614,836",74.1%,18.3%,"295,125","3,739,563",1,8.59,6.92
2015-04-28,"1,706",43.9%,"8,681",65.4%,"1,598,393",73.2%,16.2%,"258,186","3,997,749",1,8.59,6.92
2015-04-29,"1,623",40.9%,"8,133",59.6%,"1,508,255",67.4%,21.3%,"321,740","4,319,489",1,8.59,6.92
2015-04-30,"1,587",40.6%,"8,200",58.3%,"1,521,281",66.1%,22.7%,"344,644","4,664,133",1,8.59,6.92
2015-05-01,"1,634",37.8%,"8,739",57.8%,"1,612,221",66.0%,47.9%,"772,772","5,436,905",1,8.59,6.92
2015-05-02,"1,627",36.2%,"8,743",56.9%,"1,618,412",65.2%,51.1%,"826,765","6,263,670",1,8.59,6.92
2015-05-03,"1,613",35.9%,"8,579",56.7%,"1,586,728",64.9%,47.1%,"747,935","7,011,605",1,8.59,6.92
2015-05-04,"1,602",36.1%,"8,486",56.1%,"1,574,162",64.4%,38.7%,"608,983","7,620,588",1,8.59,6.92
2015-05-05,"1,600",33.6%,"8,067",53.5%,"1,495,853",61.3%,47.6%,"712,523","8,333,111",1,8.59,6.92
2015-05-06,"1,526",37.7%,"7,296",54.3%,"1,366,488",62.2%,9.8%,"133,587","8,466,698",1,8.59,6.92
2015-05-07,"1,307",31.1%,"6,146",44.2%,"1,193,360",52.7%,8.9%,"106,327","8,573,025",1,8.59,6.92
2015-05-08,"1,295",30.3%,"6,309",44.0%,"1,226,977",52.6%,11.9%,"146,621","8,719,646",1,8.59,6.92
2015-05-09,"1,283",26.9%,"6,532",42.3%,"1,271,970",50.9%,27.1%,"344,605","9,064,251",1,8.59,6.92
2015-05-10,"1,282",27.1%,"6,287",41.8%,"1,224,825",50.4%,25.6%,"313,171","9,377,422",1,8.59,6.92
2015-05-11,"1,170",29.8%,"5,419",40.6%,"1,069,208",48.9%,7.0%,"74,553","9,451,975",1,8.59,6.92
2015-05-12,"1,183",28.6%,"5,394",40.1%,"1,062,605",48.3%,6.9%,"73,593","9,525,568",1,8.59,6.92
2015-05-13,"1,175",29.0%,"5,296",39.6%,"1,046,991",47.8%,6.7%,"70,348","9,595,916",1,8.59,6.92
2015-05-14,603,15.1%,"2,420",16.7%,"415,141",17.2%,10.7%,"44,369","9,640,285",3,8.59,6.92
2015-05-15,631,15.4%,"2,577",17.0%,"438,731",17.5%,17.5%,"76,976","9,717,261",3,8.59,6.92
2015-05-16,669,15.0%,"2,712",16.9%,"455,170",17.3%,36.4%,"165,492","9,882,753",3,8.59,6.92
2015-05-17,643,14.6%,"2,614",16.8%,"436,534",17.1%,32.7%,"142,770","10,025,523",3,8.59,6.92
2015-05-18,556,14.5%,"2,297",16.1%,"385,943",16.2%,8.8%,"33,900","10,059,423",3,8.59,6.92
2015-05-19,565,14.7%,"2,277",16.0%,"381,477",16.0%,7.8%,"29,921","10,089,344",3,8.59,6.92
2015-05-20,564,14.5%,"2,256",15.8%,"382,298",16.1%,7.7%,"29,516","10,118,860",3,8.59,6.92
2015-05-21,388,10.1%,"1,179",8.2%,"162,195",6.8%,11.8%,"19,112","10,137,972",5,8.59,6.92
2015-05-22,406,10.4%,"1,221",8.3%,"164,586",6.7%,16.2%,"26,631","10,164,603",5,8.59,6.92
2015-05-23,421,10.3%,"1,272",8.0%,"168,879",6.5%,38.6%,"65,107","10,229,710",5,8.59,6.92
2015-05-24,454,10.9%,"1,306",8.2%,"176,088",6.7%,46.5%,"81,852","10,311,562",5,8.59,6.92
2015-05-25,450,10.9%,"1,267",8.3%,"172,124",6.8%,44.9%,"77,346","10,388,908",6,8.59,6.92
2015-05-26,382,10.4%,"1,147",8.2%,"155,502",6.7%,8.6%,"13,325","10,402,233",5,8.59,6.92
2015-05-27,290,7.0%,708,5.0%,"96,675",4.1%,9.5%,"9,191","10,411,424",7,8.59,6.92
2015-05-28,192,4.7%,369,2.6%,"48,814",2.1%,11.9%,"5,791","10,417,215",8,8.59,6.92
2015-05-29,201,4.9%,388,2.7%,"51,499",2.1%,13.6%,"7,007","10,424,222",8,8.59,6.92
2015-05-30,247,5.3%,472,3.0%,"61,271",2.4%,38.1%,"23,346","10,447,568",8,8.59,6.92
2015-05-31,242,5.3%,463,3.1%,"60,753",2.4%,35.6%,"21,653","10,469,221",8,8.59,6.92
2015-06-01,190,4.8%,377,2.7%,"50,781",2.2%,9.0%,"4,592","10,473,813",8,8.59,6.92
2015-06-02,196,4.9%,380,2.8%,"50,803",2.2%,7.9%,"4,009","10,477,822",8,8.59,6.92
2015-06-03,119,3.0%,223,1.6%,"30,386",1.3%,6.9%,"2,110","10,479,932",9,8.59,6.92
2015-06-04,48,1.2%,83,0.6%,"11,516",0.5%,8.7%,"1,005","10,480,937",13,8.59,6.92
2015-06-05,54,1.3%,96,0.6%,"13,503",0.5%,13.0%,"1,749","10,482,686",10,8.59,6.92
2015-06-06,72,1.6%,117,0.7%,"16,167",0.6%,19.7%,"3,187","10,485,873",11,8.59,6.92
2015-06-07,76,1.7%,117,0.8%,"16,061",0.6%,17.0%,"2,738","10,488,611",11,8.59,6.92
2015-06-08,55,1.4%,90,0.7%,"12,740",0.5%,6.7%,852,"10,489,463",13,8.59,6.92
2015-06-09,55,1.4%,86,0.6%,"12,321",0.5%,6.4%,793,"10,490,256",11,8.59,6.92
2015-06-10,55,1.4%,91,0.7%,"12,881",0.6%,6.4%,819,"10,491,075",13,8.59,6.92
2015-06-11,31,0.8%,40,0.3%,"5,926",0.3%,5.8%,344,"10,491,419",19,8.59,6.92
2015-06-12,33,0.9%,41,0.3%,"6,226",0.3%,7.1%,441,"10,491,860",16,8.59,6.92
2015-06-13,32,0.8%,40,0.3%,"5,444",0.2%,15.3%,833,"10,492,693",14,8.59,6.92
2015-06-14,30,0.8%,34,0.2%,"4,867",0.2%,13.1%,639,"10,493,332",15,8.59,6.92
2015-06-15,26,0.7%,33,0.2%,"4,557",0.2%,7.4%,337,"10,493,669",18,8.59,6.92
2015-06-16,26,0.7%,34,0.2%,"4,818",0.2%,6.8%,330,"10,493,999",16,8.59,6.92
2015-06-17,28,0.8%,34,0.2%,"4,814",0.2%,6.5%,315,"10,494,314",19,8.59,6.92
