﻿날짜,스크린수,스크린점유율,상영횟수,상영점유율,좌석수,좌석점유율,좌석판매율,관객수,누적관객수,순위,관람객평점,평론가평점
2018-04-25,"2,460",46.3%,"11,429",72.8%,"1,966,995",78.9%,49.8%,"980,042","980,666",1,9.08,7.09
2018-04-26,"2,394",47.8%,"11,628",73.5%,"1,996,462",79.6%,29.8%,"595,668","1,576,334",1,9.08,7.09
2018-04-27,"2,460",49.3%,"12,188",75.2%,"2,083,514",81.1%,35.5%,"739,908","2,316,242",1,9.08,7.09
2018-04-28,"2,553",49.2%,"13,184",77.1%,"2,227,049",82.6%,59.9%,"1,333,307","3,649,549",1,9.08,7.09
2018-04-29,"2,548",49.7%,"12,945",77.4%,"2,182,019",82.9%,51.1%,"1,114,946","4,764,495",1,9.08,7.09
2018-04-30,"2,462",49.5%,"12,255",75.9%,"2,083,482",81.6%,23.8%,"495,787","5,260,282",1,9.08,7.09
2018-05-01,"2,141",45.6%,"10,730",63.1%,"1,858,728",69.7%,38.6%,"717,324","5,977,606",1,9.08,7.09
2018-05-02,"2,114",47.8%,"10,387",63.6%,"1,797,776",69.6%,15.4%,"276,967","6,254,573",1,9.08,7.09
2018-05-03,"2,138",46.2%,"10,189",63.2%,"1,775,897",69.4%,14.9%,"265,430","6,520,003",1,9.08,7.09
2018-05-04,"2,156",43.9%,"10,648",63.0%,"1,854,399",69.5%,22.6%,"419,443","6,939,446",1,9.08,7.09
2018-05-05,"2,224",39.4%,"10,842",59.3%,"1,886,207",66.1%,43.5%,"820,839","7,760,285",1,9.08,7.09
2018-05-06,"2,186",39.1%,"10,778",59.9%,"1,879,483",66.9%,39.2%,"737,625","8,497,910",1,9.08,7.09
2018-05-07,"2,122",38.6%,"10,159",58.5%,"1,777,469",65.6%,29.1%,"516,678","9,014,588",1,9.08,7.09
2018-05-08,"2,056",44.4%,"9,345",60.8%,"1,654,449",67.7%,7.6%,"125,615","9,140,203",1,9.08,7.09
2018-05-09,"1,615",38.5%,"7,363",46.3%,"1,331,801",52.6%,8.2%,"109,370","9,249,573",1,9.08,7.09
2018-05-10,"1,554",35.6%,"6,993",44.0%,"1,281,160",50.6%,7.9%,"101,160","9,350,733",1,9.08,7.09
2018-05-11,"1,551",34.7%,"7,223",43.7%,"1,319,072",50.4%,10.9%,"144,261","9,494,994",1,9.08,7.09
2018-05-12,"1,602",31.4%,"7,628",42.5%,"1,381,417",49.3%,25.2%,"348,486","9,843,480",1,9.08,7.09
2018-05-13,"1,583",31.2%,"7,426",42.6%,"1,347,318",49.4%,21.6%,"290,488","10,133,968",1,9.08,7.09
2018-05-14,"1,508",35.7%,"6,737",44.7%,"1,237,949",51.2%,6.4%,"79,245","10,213,213",1,9.08,7.09
2018-05-15,"1,529",34.4%,"6,681",44.1%,"1,229,964",50.9%,6.8%,"83,822","10,297,035",1,9.08,7.09
2018-05-16,943,18.8%,"3,081",19.3%,"472,054",18.3%,10.1%,"47,865","10,344,900",2,9.08,7.09
2018-05-17,690,13.2%,"2,245",13.4%,"345,112",12.8%,11.9%,"41,149","10,386,049",3,9.08,7.09
2018-05-18,691,12.8%,"2,255",13.0%,"344,238",12.4%,17.3%,"59,412","10,445,461",3,9.08,7.09
2018-05-19,742,12.7%,"2,341",12.7%,"349,909",11.9%,36.8%,"128,719","10,574,180",2,9.08,7.09
2018-05-20,760,13.0%,"2,376",13.1%,"352,539",12.2%,32.8%,"115,791","10,689,971",2,9.08,7.09
2018-05-21,734,13.1%,"2,394",13.5%,"356,963",12.6%,25.9%,"92,626","10,782,597",2,9.08,7.09
2018-05-22,590,10.3%,"1,561",8.5%,"215,623",7.4%,42.1%,"90,877","10,873,474",3,9.08,7.09
2018-05-23,532,10.6%,"1,416",8.4%,"197,538",7.3%,9.2%,"18,213","10,891,687",3,9.08,7.09
2018-05-24,491,9.4%,"1,100",6.6%,"150,055",5.6%,9.6%,"14,346","10,906,033",5,9.08,7.09
2018-05-25,511,9.5%,"1,157",6.7%,"155,985",5.6%,12.2%,"19,045","10,925,078",5,9.08,7.09
2018-05-26,541,8.9%,"1,241",6.6%,"164,250",5.5%,28.6%,"46,992","10,972,070",3,9.08,7.09
2018-05-27,546,9.1%,"1,223",6.7%,"161,951",5.6%,26.0%,"42,144","11,014,214",3,9.08,7.09
2018-05-28,492,9.7%,"1,178",7.2%,"160,923",6.1%,8.0%,"12,833","11,027,047",3,9.08,7.09
2018-05-29,509,9.8%,"1,149",7.0%,"155,491",5.9%,7.2%,"11,182","11,038,229",3,9.08,7.09
2018-05-30,422,7.3%,849,5.0%,"119,304",4.4%,13.7%,"16,391","11,054,620",3,9.08,7.09
2018-05-31,399,7.1%,837,5.1%,"121,542",4.6%,8.3%,"10,136","11,064,756",3,9.08,7.09
2018-06-01,419,7.3%,911,5.3%,"132,782",4.8%,10.1%,"13,433","11,078,189",3,9.08,7.09
2018-06-02,445,6.9%,"1,001",5.4%,"141,542",4.8%,21.9%,"31,033","11,109,222",3,9.08,7.09
2018-06-03,451,7.2%,991,5.5%,"139,030",4.9%,19.6%,"27,224","11,136,446",3,9.08,7.09
2018-06-04,407,7.7%,940,5.9%,"138,861",5.4%,6.2%,"8,637","11,145,083",3,9.08,7.09
2018-06-05,421,7.5%,968,5.8%,"140,691",5.3%,8.9%,"12,503","11,157,586",3,9.08,7.09
2018-06-06,133,2.5%,196,1.1%,"22,533",0.8%,33.0%,"7,434","11,165,020",7,9.08,7.09
2018-06-07,125,2.6%,185,1.1%,"22,985",0.9%,8.9%,"2,055","11,167,075",7,9.08,7.09
2018-06-08,118,2.4%,171,1.0%,"20,603",0.8%,10.9%,"2,241","11,169,316",6,9.08,7.09
2018-06-09,110,2.0%,146,0.8%,"16,162",0.6%,25.1%,"4,062","11,173,378",8,9.08,7.09
2018-06-10,110,2.0%,145,0.8%,"15,926",0.6%,22.4%,"3,575","11,176,953",8,9.08,7.09
2018-06-11,134,2.9%,185,1.1%,"22,306",0.9%,8.8%,"1,954","11,178,907",8,9.08,7.09
2018-06-12,125,2.6%,189,1.1%,"22,414",0.8%,10.1%,"2,271","11,181,178",8,9.08,7.09
2018-06-13,40,0.8%,49,0.3%,"4,989",0.2%,32.6%,"1,627","11,182,805",12,9.08,7.09
2018-06-14,42,0.9%,50,0.3%,"4,966",0.2%,10.5%,521,"11,183,326",15,9.08,7.09
2018-06-15,41,0.9%,46,0.3%,"4,933",0.2%,13.2%,650,"11,183,976",14,9.08,7.09
2018-06-16,40,0.8%,49,0.3%,"4,713",0.2%,25.6%,"1,207","11,185,183",13,9.08,7.09
2018-06-17,41,0.8%,52,0.3%,"4,959",0.2%,24.5%,"1,214","11,186,397",11,9.08,7.09
2018-06-18,37,0.8%,48,0.3%,"4,872",0.2%,8.4%,411,"11,186,808",16,9.08,7.09
2018-06-19,42,0.9%,57,0.3%,"6,082",0.2%,9.4%,571,"11,187,379",14,9.08,7.09
2018-06-20,33,0.7%,50,0.3%,"5,361",0.2%,9.8%,524,"11,187,903",16,9.08,7.09
2018-06-21,19,0.4%,21,0.1%,"2,137",0.1%,12.2%,260,"11,188,163",23,9.08,7.09
2018-06-22,20,0.4%,21,0.1%,"2,289",0.1%,11.9%,272,"11,188,435",25,9.08,7.09
2018-06-23,39,0.6%,66,0.4%,"16,914",0.6%,17.2%,"2,904","11,191,339",13,9.08,7.09
2018-06-24,39,0.6%,66,0.4%,"17,174",0.6%,16.2%,"2,774","11,194,113",14,9.08,7.09
2018-06-25,35,0.7%,63,0.4%,"16,351",0.6%,7.3%,"1,201","11,195,314",14,9.08,7.09
2018-06-26,36,0.7%,66,0.4%,"17,549",0.7%,6.7%,"1,169","11,196,483",15,9.08,7.09
2018-06-27,26,0.5%,51,0.3%,"15,070",0.6%,7.9%,"1,193","11,197,676",17,9.08,7.09
2018-06-28,25,0.5%,50,0.3%,"14,440",0.5%,6.0%,867,"11,198,543",14,9.08,7.09
2018-06-29,25,0.5%,52,0.3%,"15,384",0.5%,8.9%,"1,373","11,199,916",12,9.08,7.09
2018-06-30,24,0.4%,53,0.3%,"15,771",0.5%,17.3%,"2,721","11,202,637",13,9.08,7.09
2018-07-01,25,0.4%,52,0.3%,"15,209",0.5%,15.4%,"2,335","11,204,972",11,9.08,7.09
2018-07-02,26,0.5%,53,0.3%,"15,301",0.6%,6.9%,"1,055","11,206,027",11,9.08,7.09
2018-07-03,27,0.5%,57,0.3%,"16,216",0.6%,8.4%,"1,360","11,207,387",12,9.08,7.09
2018-07-04,7,0.1%,8,0.0%,796,0.0%,12.7%,101,"11,207,488",40,9.08,7.09
2018-07-05,7,0.1%,8,0.0%,790,0.0%,19.1%,151,"11,207,639",32,9.08,7.09
2018-07-06,6,0.1%,7,0.0%,720,0.0%,17.8%,128,"11,207,767",31,9.08,7.09
2018-07-07,6,0.1%,7,0.0%,984,0.0%,25.1%,247,"11,208,014",24,9.08,7.09
2018-07-08,5,0.1%,6,0.0%,621,0.0%,35.4%,220,"11,208,234",27,9.08,7.09
2018-07-09,6,0.1%,9,0.1%,"1,019",0.0%,17.7%,180,"11,208,414",32,9.08,7.09
2018-07-10,6,0.1%,9,0.1%,779,0.0%,24.8%,193,"11,208,607",32,9.08,7.09
2018-07-11,6,0.1%,7,0.0%,745,0.0%,18.4%,137,"11,208,744",40,9.08,7.09
2018-07-12,6,0.1%,7,0.0%,745,0.0%,19.5%,145,"11,208,889",41,9.08,7.09
2018-07-13,7,0.1%,8,0.0%,869,0.0%,19.6%,170,"11,209,059",35,9.08,7.09
2018-07-14,6,0.1%,8,0.0%,858,0.0%,29.1%,250,"11,209,309",37,9.08,7.09
2018-07-15,7,0.1%,11,0.1%,"1,020",0.0%,26.2%,267,"11,209,576",35,9.08,7.09
2018-07-16,5,0.1%,11,0.1%,"1,195",0.0%,13.1%,156,"11,209,732",37,9.08,7.09
2018-07-17,6,0.1%,12,0.1%,"1,292",0.0%,14.9%,193,"11,209,925",39,9.08,7.09
2018-07-18,5,0.1%,8,0.0%,698,0.0%,21.3%,149,"11,210,074",41,9.08,7.09
2018-07-19,5,0.1%,8,0.0%,698,0.0%,20.6%,144,"11,210,218",42,9.08,7.09
2018-07-20,5,0.1%,6,0.0%,587,0.0%,18.4%,108,"11,210,326",44,9.08,7.09
2018-07-21,5,0.1%,8,0.0%,703,0.0%,34.0%,239,"11,210,565",41,9.08,7.09
2018-07-22,5,0.1%,8,0.0%,703,0.0%,33.3%,234,"11,210,799",36,9.08,7.09
2018-07-23,5,0.1%,7,0.0%,603,0.0%,19.7%,119,"11,210,918",35,9.08,7.09
2018-07-24,5,0.1%,8,0.0%,673,0.0%,18.6%,125,"11,211,043",46,9.08,7.09
2018-07-25,4,0.1%,4,0.0%,372,0.0%,16.4%,61,"11,211,104",62,9.08,7.09
2018-07-26,2,0.0%,2,0.0%,231,0.0%,35.5%,82,"11,211,186",50,9.08,7.09
2018-07-27,2,0.0%,2,0.0%,231,0.0%,28.1%,65,"11,211,251",46,9.08,7.09
2018-07-28,2,0.0%,2,0.0%,226,0.0%,38.9%,88,"11,211,339",39,9.08,7.09
2018-07-29,2,0.0%,2,0.0%,270,0.0%,33.0%,89,"11,211,428",36,9.08,7.09
2018-07-30,2,0.0%,2,0.0%,226,0.0%,21.7%,49,"11,211,477",52,9.08,7.09
2018-07-31,2,0.0%,2,0.0%,226,0.0%,22.1%,50,"11,211,527",63,9.08,7.09
2018-08-01,2,0.0%,2,0.0%,226,0.0%,17.7%,40,"11,211,567",50,9.08,7.09
2018-08-02,2,0.0%,2,0.0%,226,0.0%,23.0%,52,"11,211,619",44,9.08,7.09
2018-08-03,2,0.0%,2,0.0%,226,0.0%,22.1%,50,"11,211,669",47,9.08,7.09
2018-08-04,1,0.0%,1,0.0%,134,0.0%,3.7%,5,"11,211,674",73,9.08,7.09
2018-08-05,1,0.0%,1,0.0%,134,0.0%,7.5%,10,"11,211,684",60,9.08,7.09
2018-08-06,2,0.0%,2,0.0%,226,0.0%,10.2%,23,"11,211,707",53,9.08,7.09
2018-08-07,2,0.0%,2,0.0%,270,0.0%,14.1%,38,"11,211,745",46,9.08,7.09
